CreatePopulationStockRecruit:BEVERTON_HOLT 
CreatePopulationStockRecruit:BEVERTON_HOLT 
CreateFisheries
Length based Selex
Length based Selex
Age based Selex
Age based Selex
Population data warning, "catch" missing "indexerrtype" value.
Population data warning, "catch" missing "indexvec" value.
Population data warning, "catch" missing "indexerrvec" value.
Population data warning, "catch" missing "indexerrtype" value.
Population data warning, "catch" missing "indexvec" value.
Population data warning, "catch" missing "indexerrvec" value.
Population data warning, "catch" missing "indexerrtype" value.
Population data warning, "catch" missing "indexvec" value.
Population data warning, "catch" missing "indexerrvec" value.
Population data warning, "catch" missing "indexerrtype" value.
Population data warning, "catch" missing "indexvec" value.
Population data warning, "catch" missing "indexerrvec" value.
Population:
1
Begin Population Data: 
Id: 1
Name: Nrs
First Year: 1977
Last Year: 2014
Spawn month: 3
Gender Types:[ 1 0 ]
Ages: [ 1 2 3 4 5 6 7 8 9 10 11 12 13 14 15 
16 17 18 19 20 21 22 23 24 25 26 27 28 29 30 ]
Lengths: [ 7 8 9 10 11 12 13 14 15 16 17 18 19 20 21 
22 23 24 25 26 27 28 29 30 31 32 33 34 35 36 
37 38 39 40 41 42 43 44 45 46 47 48 49 50 51 
52 53 54 55 56 57 58 59 60 61 62 63 64 65 66 ]
Catch Data:
Fleet: 1
Area: 1
Season: 1
Catch:[ 765.4 727.333 750 706.8 785.333 240.267 537.916 305.594 135.998 121.233 477.607 238.101 562.767 730.056 805.014 
1123.63 1352.02 501.352 653.985 1099.22 911.13 422.057 294.225 897.782 795.288 927.382 592.44 369.457 688.417 960.547 
1121.23 1211.51 1089.78 547.546 515.74 471.428 676.28 533.333 ]

Catch Error Type: 0
Catch Error:[ 0.1 0.1 0.1 0.1 0.1 0.1 0.1 0.1 0.1 0.1 0.1 0.1 0.1 0.1 0.1 
0.1 0.1 0.1 0.1 0.1 0.1 0.1 0.1 0.1 0.1 0.1 0.1 0.1 0.1 0.1 
0.1 0.1 0.1 0.1 0.1 0.1 0.1 0.1 ]
Index:[ 0 ]

Index Error Type: -1
Index Error:[ 0 ]

Catch Data:
Fleet: 2
Area: 1
Season: 1
Catch:[ 1530.8 1454.67 1500 1413.6 1570.67 480.533 1075.83 611.188 271.997 242.466 955.215 476.202 1125.53 1460.11 1610.03 
2247.26 2704.04 1002.7 1307.97 2198.44 1822.26 844.113 588.45 1795.56 1590.58 1854.76 1184.88 738.915 1376.83 1921.09 
2242.47 2423.03 2179.56 1095.09 1031.48 942.856 1352.56 1066.67 ]

Catch Error Type: 0
Catch Error:[ 0.1 0.1 0.1 0.1 0.1 0.1 0.1 0.1 0.1 0.1 0.1 0.1 0.1 0.1 0.1 
0.1 0.1 0.1 0.1 0.1 0.1 0.1 0.1 0.1 0.1 0.1 0.1 0.1 0.1 0.1 
0.1 0.1 0.1 0.1 0.1 0.1 0.1 0.1 ]
Index:[ 0 ]

Index Error Type: -1
Index Error:[ 0 ]

Catch Data:
Fleet: 3
Area: 2
Season: 1
Catch:[ 1 1 1 1 1 1 1 1 1 ]

Catch Error Type: 0
Catch Error:[ 0.1 0.1 0.1 0.1 0.1 0.1 0.1 0.1 0.1 ]
Index:[ 78845 61543.4 64808.8 79648.2 91459 102302 95845.8 72875 74585.8 ]

Index Error Type: 0
Index Error:[ 0.125446 0.242305 0.151685 0.119023 0.110349 0.117346 0.166481 0.169301 0.180679 ]

Length Composition:
Fleet: 1
Area: 2
Season: 1
Gender Type: 3
Years:[ 2004 2005 2006 2007 2008 2009 2010 2011 2012 2013 2014 ]
Number of Samples:[ 140 157 217 272 272 322 159 59 189 83 9 ]
Length Prop:
[       0       0       0       0       1       1       0       0       3       1       1       2       3       8       3       6       3       9      12      22      28      23      29      19      20      22      21      24      19      28      22      18      30      30      13      16      10       7      13      12       8       5       2       4      10       0       2       2       1       1       2       0       0       1       1       1       0       1       0       0       0       0       0       0       0       0       0       0       0       0       0       0       0       1       3       5       4       3       8       9      17      27      27      16      19      24      22      24      19      13      16      13       9       8       8       5       1       3       2       1       3       1       0       0       0       1       0       0       0       0       0       1       0       0       0       0       0       1       0       0 ]
[       0       0       0       0       0       0       0       0       0       1       0       2       1       0       1       6       2       4      13       9      19      17      16      35      39      36      47      43      45      66      66      67      66      52      65      55      44      38      25      19      22      20       9       8       6       2       4       2       4       0       1       0       0       0       0       0       0       0       0       0       0       0       0       0       0       0       0       0       0       0       0       1       3       0       2       8       9       9       8      27      40      33      37      51      72      62      75      85      75      59      42      37      29      18      11       1       4       1       1       2       0       0       0       0       0       0       1       0       0       0       0       0       0       0       0       0       0       0       0       0 ]
[       0       0       0       0       0       0       0       0       2       0       1       4       3       1       7       9       3      11      15      19      16      35      15      42      37      48      48      61      66      78      98     120     115     143     174     160     155     142      87      72      47      30      22      30      18       8      12       6       6       4       2       3       2       1       0       0       0       0       0       1       0       0       0       0       0       0       1       0       1       0       1       3       5      10      17      11       9      11      13      33      24      38      39      54      75      71      93     117     125     114      96      63      59      37      27      14       6       4       2       0       0       1       1       0       1       0       1       0       0       0       0       0       0       0       0       0       0       0       0       0 ]
[       1       0       0       0       0       1       0       0       0       0       0       6       9      10      13      28      18      36      40      45      44      55      41      49      40      38      44      45      61      63      71      75      87     112     127     126     120     107     108      98      79      52      45      26      13      16       9       7       3       5       2       2       1       0       0       0       0       0       0       0       0       0       0       1       1       0       0       0       0       1       0       5      10       8      18      33      47      47      51      46      52      46      62      72      64      67     112     128     150     136     129     103     100      77      42      33      20      16      10       7       5       5       3       3       0       1       2       0       0       0       0       0       0       0       0       0       0       0       0       0 ]
[       0       0       0       0       0       0       0       0       0       0       0       4       6       9       8      11      11      21      21      27      40      35      35      45      42      44      50      58      65      59      65      68      46      65      56      63      70      74      81      89      92      86      68      49      53      33      26      16       6      12       5       0       2       1       0       0       0       0       0       0       0       0       0       0       0       0       0       0       0       0       0       2       4       8      15      14      21      22      41      32      32      45      51      43      50      48      61      62      68      63      60      61      65      47      41      38      20      15      12      12       8       8       5       5       4       2       2       0       0       0       0       0       0       0       0       0       0       0       0       0 ]
[       0       0       0       0       0       0       0       0       0       0       3       3       4       7      14      14      34      47      47      68      65      62      85     106      76      79      80      93      89      88     105      84      72      67      84      79      76      68      72      60      82      68      71      64      36      39      30      21       9       8       7       3       0       1       1       1       1       0       0       0       0       0       0       0       0       0       0       0       0       0       1       3       3       7      18      30      28      50      51      52      74      83      97     105     117      99     105      83     100     105      89      65      60      63      56      38      35      11      13      13       4       7       5       3       0       3       1       1       1       0       0       0       0       0       0       0       0       0       0       0 ]
[       0       0       0       0       0       2       1       0       3       1       1       0       2       1       2      10       2      16      15      15      26      22      32      34      30      44      46      33      42      44      50      53      54      39      57      59      35      28      33      33      29      25      29      18      17      24      13      12       8       9       3       3       2       3       1       2       1       0       0       0       0       0       0       0       0       2       5       2       2       2       1       2       4      10       6       7      13      19      20      28      38      58      58      66      86      72      79      74      68      65      45      42      34      19      16      25      18      26      12      14      10      11       7       6       8       2       5       4       1       0       0       0       0       1       0       0       0       0       0       0 ]
[       0       0       0       0       0       0       0       0       0       0       2       0       0       1       0       0       1       0       1       1       6       4       2       6       5      11       6      12      10      10       8      13      16      13      13      16      19      14      16      10       8       6       8      11       7      11       7       5       6       6       4       2       1       1       2       1       1       2       1       8       0       0       0       0       0       0       0       0       0       0       0       0       1       0       3       1       1       3       5       5       9       7      12      14      20      20      26      26      23      22      19      22      13      17      13      13       6       3       5       5       4       1       0       2       2       0       2       0       0       0       0       0       0       0       0       0       0       0       0       2 ]
[       0       0       0       0       0       0       0       0       0       0       0       0       0       5       2       5       1       8       9      10      10      15      16      20      17      13      19      26      35      40      36      37      62      76      78      83      73      65      55      49      34      29      14      28      22       9      11       9       7       2       2       1       1       1       0       0       0       0       0       1       0       0       0       0       0       0       0       0       1       0       1       0       0       3       3       6       6      11      10      17       7      12      27      41      21      41      45      43      48      48      52      52      45      32      20      16       9       9      10       7       4       0       1       3       1       3       0       0       1       0       0       0       0       0       0       0       0       1       0       0 ]
[       0       0       0       0       0       0       1       1       1       0       0       1       2       2       3       8       5       6       7       8      10       6      13      14      23      28      27      38      29      30      29      35      34      43      52      60      64      45      52      40      31      27      16      13       8      12       4       8       5       6       2       2       0       0       0       0       0       0       0       0       0       0       0       0       0       1       0       0       1       0       1       3       4       3       5      17      11      18      24      26      28      34      39      41      58      46      64      80      86      85      98      88      89      66      51      29      17      16      12       0       4       4       1       1       0       1       1       0       0       0       1       0       0       0       0       0       0       0       0       0 ]
[       0       0       0       0       0       0       0       0       0       0       0       0       0       0       0       0       0       3       1       1       1       2       0       0       0       0       0       1       0       2       2       0       1       1       1       1       0       1       0       0       2       1       0       1       0       0       1       2       0       0       0       0       0       0       0       0       0       0       0       0       0       0       0       0       0       0       0       0       0       0       0       0       1       0       0       0       1       2       2       0       2       1       1       1       2       0       0       1       0       0       1       1       1       0       0       0       0       0       0       0       0       0       0       0       1       1       0       0       0       0       0       0       0       0       0       0       0       0       0       0 ]


Length Composition:
Fleet: 2
Area: 1
Season: 1
Gender Type: 3
Years:[ 1997 1998 1999 2000 2001 2002 2003 ]
Number of Samples:[ 20 111 31 186 256 320 168 ]
Length Prop:
[       0       0       0       0       0       0       0       0       0       0       0       0       1       2       1       4       5       8       9      10      11      18      11      13      11       9      16      20      21      19      13      15      25      24      28      30      27      16      29      26      24      27      25      12      10      11       5       4       0       1       1       0       0       0       0       0       0       0       0       0       0       0       0       0       0       0       0       0       0       0       2       4       4       5      10      13       4       9      15       8      16      23      14      18      12      27      21      22      19      23      14      18       8       4       5       4       7       1       0       1       0       2       0       1       0       0       0       0       0       0       0       0       0       0       0       0       0       0       0       0 ]
[       0       0       0       0       0       1       0       0       1       1       3       3       2      13       6      11      12      26      43      57      47      55      45      59      39      62      53      48      77      62      62      89      74      79      88      74      71      74      74      71      67      59      39      49      40      26      20      14       6       3       1       0       0       0       1       0       0       0       0       0       0       0       0       0       0       2       0       1       4       3       5       2       3       4      15      16      28      36      37      37      51      58      53      78      73      58      55      70      88      67      81      52      40      47      28      25      10       6       2       5       2       1       2       1       0       0       1       1       0       0       0       0       0       0       0       0       0       0       0       0 ]
[       0       0       0       0       0       0       0       0       0       0       0       0       1       0       0       1       2       2       4       1       3       3      10       9      14       9      17      12      11      12       8      22      23      20      28      27      22      24      14      17      15      15       7      12       3      11       2       9       3       1       0       0       0       0       0       0       0       0       0       0       0       0       1       1       0       0       1       0       0       0       0       0       0       0       0       1       3       2       7       3       4      12      20      15      11      17      14      20      19      14      18      16      13       3       8       3       2       6       4       1       1       0       2       0       0       0       0       0       0       0       0       0       0       0       0       0       0       0       0       0 ]
[       0       1       0       0       0       0       0       1       0       2       2       2       3       7      10       7      18      26      23      31      48      47      44      38      54      60      64      57      72      76      89      92      97      88     115     108      90      85      62      66      36      37      27      27      24      29      17      17       7       6       5       0       0       1       0       0       0       0       0       0       0       0       0       1       0       0       0       0       0       1       3       6       4      14      23      17      25      28      27      50      36      63      73      96     100      80      98      98     123     113      85      69      66      41      47      28      29      17       5       3       2       1       6       0       1       2       0       0       1       0       0       0       0       0       0       0       0       0       0       0 ]
[       0       0       0       0       0       0       0       0       2       2       4       0       7      10      16      20      27      37      51      53      62      73      65      84      74      66      60      80      91      85      81      84      80      69      79      81      63      67      53      45      50      41      29      24      23      21      18      10      12      11       2       0       0       1       0       0       0       0       0       0       0       0       0       0       0       0       0       0       0       2       1       6       7      18      18      31      33      47      63      72      71      93      83      73      75      90      87      86      73     101      91      77      60      39      52      34      11      12      13      10       5       3       0       1       3       0       1       2       1       0       0       0       0       0       0       0       0       0       0       0 ]
[       0       0       0       0       0       0       0       0       0       2       3      10       4      11      20      20      39      25      47      62      90     102     120     124     127     131     130     143     119     140     153     113     123     123     112     106     114     113      97      88      90      81      74      77      52      64      64      38      50      19      13      10       6       4       1       2       0       0       0       0       0       0       0       0       0       0       0       0       0       1       1       3       6      10       9      23      26      43      65      58      99      93     109     108     116     132     114     126     124     119      86      85      71      62      49      40      29      28      16      10      13       9       7      11       3       8       6       4       2       4       0       0       1       0       0       0       0       0       0       0 ]
[       0       0       0       0       0       0       0       0       1       0       0       1       3      12       6      13      22      19      28      32      21      45      56      57      61      54      58      67      66      69      56      63      53      53      49      42      46      35      25      17      27      16      17      18      18      21      10       7       8      10       7       2       1       0       1       0       0       0       0       0       0       0       0       0       0       0       0       0       0       0       0       2       4       6      17      25      30      38      31      51      60      62      77      87      64      75      78      65      65      58      50      44      33      34      23      24       8      14      16       5      11       5       3       5       4       7       4       4       1       2       0       0       0       0       0       0       0       0       0       0 ]


Age Composition:
Fleet: 3
Area: 2
Season: 1
Gender Type: 3
Years:[ 0 ]
Number of Samples:[ 22 31 101 65 ]
Age Prop:
[ 5.4e-05 0.000395939 0.0011361 0.0388431 0.142546 0.0788087 0.0434466 0.0461084 0.101914 0.0691407 0.0488676 0.038884 0.00126614 0.0104864 0.00950323 5.14e-06 0.00434627 0.00069138 0.000124379 0.000593888       0 0.00421001       0       0       0       0       0       0       0       0 0.000111101 0.000240626 0.00975701 0.078465 0.161388 0.0117387 0.0185043 0.0100389 0.0480673 0.00508774 0.00609324 0.00675568       0 0.000804157 2.66e-05 3.92e-05       0 0.00015403 0.000259658 0.000836876 0.000259658       0       0       0       0       0       0       0       0       0 ]
[ 1.76e-05 0.000168243 0.0208403 0.0620697 0.0767267 0.0246651 0.0270953 0.0175269 0.0627135 0.0494718 0.060238 0.0750001 0.109685 0.0395943 0.00403752 0.01795 0.00218756 0.00147387       0       0 0.000855055 0.000465059       0       0       0       0       0       0       0       0 2.73e-05 0.000304047 0.0197225 0.0388176 0.0637438 0.0306253 0.0243329 0.0100601 0.0430793 0.0119347 0.0398758 0.0444668 0.00377076 0.0153939 0.000574145 0.000489138       0       0       0       0       0       0       0       0       0       0       0       0       0       0 ]
[       0 0.00243578 0.0426824 0.0770656 0.0933141 0.124273 0.0797956 0.0124381 0.0638503 0.0212082 0.0400309 0.0268839 0.0435534 0.0640343 0.00834011 0.0282435 0.00492933 0.000357022 0.00190371       0 0.00157328 0.00281048       0       0       0       0       0 0.00123339       0 0.000505797       0 0.00210733 0.0282225 0.0439426 0.0527539 0.0623488 0.0133946 0.0164935 0.00903275 0.00341814 0.00666979 0.00452788 0.00420802 0.00472412 0.000786082 0.00457768 0.00107469       0       0 0.000152154       0       0 0.000103703       0       0       0       0       0       0       0 ]
[ 7.49e-07 0.00126575 0.012026 0.0738808 0.0614731 0.0742251 0.0651919 0.0742852 0.0417298 0.0297371 0.0272023 0.0186271 0.0060656 0.0132649 0.013731 0.00284861 0.0111551 0.0115392 0.00357618 0.000283212 0.000911039 0.000181449 0.000678607 0.000151783       0 0.000933202       0       0       0       0 3.26e-06 0.000212007 0.0118166 0.0772147 0.0982966 0.12171 0.0227049 0.0517833 0.0282696 0.0137327 0.013961 0.00416669 0.00173788 0.00220705 0.00114216 0.00169737 0.00118902 0.00244224 0.000576726       0       0       0       0       0       0       0       0       0       0 0.000171311 ]


Age Composition:
Fleet: 3
Area: 1
Season: 1
Gender Type: 3
Years:[ 0 ]
Number of Samples:[ 55 78 54 73 ]
Age Prop:
[ 3.02e-06 4.42e-05 0.00151738 0.00613636 0.083541 0.125783 0.102697 0.0545901 0.032946 0.0307028 0.0242918 0.0090803 0.00410599 0.013972 0.00795082 0.00129852 0.00429521 0.0117072 4.72e-05 0.00977427 0.0006326       0       0       0       0 0.000959565       0       0       0       0 1.02e-06 2.71e-05 0.00140341 0.0293609 0.0763442 0.234961 0.0387154 0.0112175 0.0287342 0.0263177 0.0100979 0.00432445 0.001879 0.000564721       0 0.00150423 0.00295262 0.00285496 0.00228782       0       0 0.000374773       0       0       0       0       0       0       0       0 ]
[ 1.59e-06 0.000606557 0.0109046 0.0167302 0.0560428 0.0650438 0.12216 0.0562412 0.0529035 0.0512222 0.0621208 0.0432715 0.0126414 0.0222563 0.000781894 0.0080631 0.00599999 0.001349 0.00329661       0 0.0023474 0.0030684       0 0.0014764       0       0       0       0       0       0 1.45e-06 0.000162538 0.0122807 0.0353307 0.0413105 0.0658275 0.0864799 0.0815671 0.0614295 0.00238292 0.00151734 0.00407181 0.00367632 0.00108068 0.000669538 6.56e-05 0.00351689 3.48e-05 6.56e-05       0       0       0       0       0       0       0       0       0       0       0 ]
[ 1.12e-05 0.000109886 0.0114371 0.0409309 0.075143 0.0670262 0.0340902 0.0267263 0.0657655 0.050265 0.019999 0.0116879 0.00642014 0.0105114 0.0124164 0.00289228 0.00462979 0.00374725       0 0.000679491 0.000595876 0.000307642       0       0       0       0       0       0       0       0 3.11e-06 1.44e-05 0.00950815 0.056083 0.12511 0.106875 0.0689019 0.01949 0.0927416 0.0384686 0.0268931 0.002143 0.00679353 0.000318234 0.000362022 0.000220911 0.0002459 0.000189151       0       0       0 0.0002459       0       0       0       0       0       0       0       0 ]
[ 1.33e-06 0.00027391 0.00552856 0.0119901 0.0722984 0.120924 0.0420752 0.0239067 0.0446838 0.0331836 0.10631 0.043368 0.0394571 0.0165388 0.0279316 0.00911536 0.0140105 0.00104179 0.000716069       0 0.00282189 0.000306887       0 0.000259337       0       0       0       0       0       0 7.29e-06 0.000177109 0.00249758 0.0194452 0.0361695 0.0929173 0.0320679 0.0257886 0.0265543 0.0253309 0.054068 0.0433406 0.0229125 5.19e-05 1.06e-05 6.03e-05 0.00121505 0.000633352       0       0       0 8.47e-06       0       0       0       0       0       0       0       0 ]


Mean Size At Age:
Fleet: 3
Area: 2
Season: 1
Gender Type: 3
Years:[ 1996 1999 2001 2003 ]
MSA:
[       0   15.25 18.5556 23.2308   29.75 34.3846      35 34.6667    35.5      38 35.2857 38.1667      43   40.25 39.6667      48  44.375 44.3333    47.5      42       0      39       0       0       0       0       0       0       0       0       0      16   19.95 23.2308 26.4546    34.5 34.3333    34.8 32.6667    32.5 36.1667 34.3333       0    37.5      43      39       0      38      37      35      37       0       0       0       0       0       0       0       0       0 ]
[       0    13.5 20.2963 23.5151      27 31.6667 33.1667      35 34.6875 36.2857 37.3571 35.8889 35.3889 39.1818   44.25    39.2   46.25    43.5       0       0      48      45       0       0       0       0       0       0       0       0       0    15.5 18.8276 22.2727 26.6087 26.2727 29.3846    33.5 30.4444    32.5      31 31.7692   32.75 33.7143      35      34       0       0       0       0       0       0       0       0       0       0       0       0       0       0 ]
[       0 14.7391 20.1321 24.7381 28.8529 32.4146 37.4167  42.125 37.8824 44.5455 39.9286    43.3 40.3333 41.5238 46.4444    41.6 48.4444 51.3333 45.6667       0      47      46       0       0       0       0       0      42       0      44       0    14.5  19.551 23.7778 28.1212    29.6      30    33.5    34.5   34.75 35.8571      36    35.6    34.8      36   34.75      33       0       0      44       0       0      40       0       0       0       0       0       0       0 ]
[       0      17    18.2 22.2069  27.913    33.5  35.913 34.1667 37.3125   37.75 39.4615      41 43.1667    38.8 40.7778      43 42.6364      41 42.3333      44 45.6667      51      43      49       0    44.5       0       0       0       0       0    15.2  17.913 21.7917 26.7778 29.5161 32.9091 30.4667 33.1818      31      34    36.6      35 34.6667      37   36.75      38      40      35       0       0       0       0       0       0       0       0       0       0      37 ]


Mean Size At Age:
Fleet: 3
Area: 1
Season: 1
Gender Type: 3
Years:[ 2005 2007 2009 2011 ]
MSA:
[       0    14.5 17.5454 21.3529 26.8823 30.0811   34.88 38.8235      41  43.625      39      42    40.5 42.2857    39.5      42    46.4 44.3333      53   41.75      44       0       0       0       0      43       0       0       0       0       0      15 17.8182 21.2759 24.9643 28.8837    30.8 34.2857 33.4286  33.625    36.5      35      37      37       0      36      37      36 37.6667       0       0      38       0       0       0       0       0       0       0       0 ]
[       0 14.8571 19.1667 21.9583   26.36 29.5556 33.9412 31.8823 39.4211 38.3125      39 41.4118    40.8    40.6    47.5  45.625   42.75 46.6667      46       0      45      39       0      46       0       0       0       0       0       0       0      14 17.7838 22.2143 27.0714 29.0714 31.5556 32.7667    33.5    38.5 37.6667 37.1667 39.2857 38.6667    39.5      40    38.2      41      40       0       0       0       0       0       0       0       0       0       0       0 ]
[       0    12.6 16.7576 21.0789 26.1177 29.6538 33.0769 35.9167 33.7083    40.3 41.4375 41.8889 43.5714  40.875      42    43.4   41.25    43.2       0      44    45.5      43       0       0       0       0       0       0       0       0       0      12 16.2692  20.025 24.5806    27.6 30.9333      34 32.6471 35.5625 35.8947  37.125  35.375      41      36      39      40      38       0       0       0      40       0       0       0       0       0       0       0       0 ]
[       0    15.2 19.5263 22.0454 26.8947 31.3529 33.5833 33.7143 35.0714   36.75 37.4706 41.4444 42.0769 44.4444 42.5714      46    40.5      43      44       0      40      44       0      51       0       0       0       0       0       0       0    15.2      18 22.3333      26 28.2593 30.0833    31.9    33.6 31.6667 34.4667 36.8125 37.2222      42      43      39      45      37       0       0       0      47       0       0       0       0       0       0       0       0 ]


Age Error:
Gender Type: 1
Age:[ 0.5 1.5 2.5 3.5 4.5 5.5 6.5 7.5 8.5 9.5 10.5 11.5 12.5 13.5 14.5 
15.5 16.5 17.5 18.5 19.5 20.5 21.5 22.5 23.5 24.5 25.5 26.5 27.5 28.5 29.5 
30.5 ]
Error:
[ 0.001 0.001 0.001 0.066 0.132 0.198 0.264 0.33 0.396 0.462 0.528 0.594 0.66 0.726 0.792 
0.858 0.924 0.99 1.056 1.122 1.188 1.254 1.32 1.386 1.452 1.518 1.584 1.65 1.716 1.782 
1.848 ]

Age Error:
Gender Type: 2
Age:[ 0.5 1.5 2.5 3.5 4.5 5.5 6.5 7.5 8.5 9.5 10.5 11.5 12.5 13.5 14.5 
15.5 16.5 17.5 18.5 19.5 20.5 21.5 22.5 23.5 24.5 25.5 26.5 27.5 28.5 29.5 
30.5 ]
Error:
[ 0.001 0.001 0.001 0.066 0.132 0.198 0.264 0.33 0.396 0.462 0.528 0.594 0.66 0.726 0.792 
0.858 0.924 0.99 1.056 1.122 1.188 1.254 1.32 1.386 1.452 1.518 1.584 1.65 1.716 1.782 
1.848 ]

End Population Data

Population:
2
Begin Population Data: 
Id: 2
Name: Srs
First Year: 1977
Last Year: 2014
Spawn month: 7
Gender Types:[ 1 0 ]
Ages: [ 1 2 3 4 5 6 7 8 9 10 11 12 13 14 15 
16 17 18 19 20 21 22 23 24 25 26 27 28 29 30 ]
Lengths: [ 7 8 9 10 11 12 13 14 15 16 17 18 19 20 21 
22 23 24 25 26 27 28 29 30 31 32 33 34 35 36 
37 38 39 40 41 42 43 44 45 46 47 48 49 50 51 
52 53 54 55 56 57 58 59 60 61 62 63 64 65 66 ]
Catch Data:
Fleet: 1
Area: 1
Season: 1
Catch:[ 765.4 727.333 750 706.8 785.333 240.267 537.916 305.594 135.998 121.233 477.607 238.101 562.767 730.056 805.014 
1123.63 1352.02 501.352 653.985 1099.22 911.13 422.057 294.225 897.782 795.288 927.382 592.44 369.457 688.417 960.547 
1121.23 1211.51 1089.78 547.546 515.74 471.428 676.28 533.333 ]

Catch Error Type: 0
Catch Error:[ 0.1 0.1 0.1 0.1 0.1 0.1 0.1 0.1 0.1 0.1 0.1 0.1 0.1 0.1 0.1 
0.1 0.1 0.1 0.1 0.1 0.1 0.1 0.1 0.1 0.1 0.1 0.1 0.1 0.1 0.1 
0.1 0.1 0.1 0.1 0.1 0.1 0.1 0.1 ]
Index:[ 0 ]

Index Error Type: -1
Index Error:[ 0 ]

Catch Data:
Fleet: 2
Area: 2
Season: 1
Catch:[ 1530.8 1454.67 1500 1413.6 1570.67 480.533 1075.83 611.188 271.997 242.466 955.215 476.202 1125.53 1460.11 1610.03 
2247.26 2704.04 1002.7 1307.97 2198.44 1822.26 844.113 588.45 1795.56 1590.58 1854.76 1184.88 738.915 1376.83 1921.09 
2242.47 2423.03 2179.56 1095.09 1031.48 942.856 1352.56 1066.67 ]

Catch Error Type: 0
Catch Error:[ 0.1 0.1 0.1 0.1 0.1 0.1 0.1 0.1 0.1 0.1 0.1 0.1 0.1 0.1 0.1 
0.1 0.1 0.1 0.1 0.1 0.1 0.1 0.1 0.1 0.1 0.1 0.1 0.1 0.1 0.1 
0.1 0.1 0.1 0.1 0.1 0.1 0.1 0.1 ]
Index:[ 0 ]

Index Error Type: -1
Index Error:[ 0 ]

Catch Data:
Fleet: 3
Area: 2
Season: 1
Catch:[ 1 1 1 1 1 1 1 1 1 ]

Catch Error Type: 0
Catch Error:[ 0.1 0.1 0.1 0.1 0.1 0.1 0.1 0.1 0.1 ]
Index:[ 7.12739e+06 106234 122492 126819 147665 161617 191764 120573 131441 ]

Index Error Type: 0
Index Error:[ 0.0985127 0.0993484 0.11912 0.0981689 0.101885 0.0726911 0.117402 0.0854215 0.10616 ]

Length Composition:
Fleet: 1
Area: 2
Season: 1
Gender Type: 3
Years:[ 2004 2005 2006 2007 2008 2009 2010 2011 2012 2013 2014 ]
Number of Samples:[ 81 157 244 296 224 301 174 65 140 113 4 ]
Length Prop:
[       0       0       0       0       0       1       0       0       0       2       1       2       5       6      11       7      18      29      23      41      28      46      43      42      67      60      46      69      45      39      54      48      53      53      52      46      31      45      40      36      24      24      25      21      19      10      15       7       3       3       2       0       0       0       0       0       0       0       0       0       0       0       0       0       0       0       0       0       0       0       1       2       1       6      14      12      12      30      39      36      47      40      51      41      50      58      49      47      41      26      19      20      15      14      11      11       6       2       5       4       4       1       1       0       2       0       1       0       0       0       0       0       0       0       0       0       0       0 ]
[       0       0       0       0       0       0       0       0       0       2       0       1       3       2       5       6       8      12       9      14      18      23      24      32      43      46      55      62      61      73      72      72      71      68      52      51      44      39      27      29      26      24       7      10      13       9       1       3       1       2       0       0       0       0       0       0       0       0       0       0       0       0       0       0       0       0       2       0       0       4       4       1       9       6       7       8      19      14      24      28      31      49      61      63      53      55      58      53      35      34      16      17      15       7       2       2       2       0       0       0       1       1       0       0       0       0       0       0       0       0       0       0       0       0       0       0       0       0 ]
[       0       0       0       0       0       0       0       0       1       0       1       2       2       1       6       6      15       8      11      22      23      20      26      25      22      29      30      32      37      43      65      57      78      85      55      68      55      53      46      36      29      30      23      15      20      15       8       5       1       4       2       0       0       1       0       0       0       0       0       0       0       0       0       0       0       0       0       0       4       2       3       6       5       6       2      12      18      26      19      37      21      38      45      39      51      50      52      59      36      28      20      18      15       5       4       4       3       4       0       1       0       0       1       0       0       0       0       0       0       0       0       0       0       0       0       0       0       0 ]
[       0       0       0       0       0       0       1       1       0       1       0       1       2      14       7      18      16      19      22      19      20      27      27      26      36      47      49      56      58      52      71      86     100      97     122     122     113      83      81      82      56      44      37      31      29      17      12       8       5       6       3       1       2       1       1       1       1       0       0       0       0       0       0       0       1       0       0       0       0       1       1       7      17      17      25      26      39      38      51      54      47      46      72      66      84     100      95      72      94      67      50      36      25      20      11       9       4       2       5       0       4       1       4       4       0       0       2       0       0       0       0       0       0       0       0       0       0       0 ]
[       0       0       0       0       0       0       0       0       0       1       0       5       8      11      12      18      24      29      35      24      35      35      31      39      48      64      59      61      76      53      84      89      82     110      83      98     109     108     105      85      81      66      65      38      38      18      18      16       9       9       9       3       2       1       3       1       1       0       0       0       0       0       0       0       0       0       0       0       2       5       7      10      18      16      26      29      48      45      52      58      71      77      86     114      89     101      77      97      67      80      56      54      34      26      22      12      18       9      13      11       7       7       3       1       4       1       1       0       1       0       0       0       0       0       0       0       0       0 ]
[       0       0       0       0       0       0       0       0       0       0       0       3       5      13      17      22      27      42      36      40      56      49      53      57      61      73      73      88     107     100     108      88     103      92     112      96      97     111      92      91      81      53      53      45      24      13      12       3       6       6       4       4       1       0       1       0       0       0       0       0       0       0       0       0       0       0       1       0       0       1       1       7      15      19      22      30      44      54      46      86      66      83      97     104      90     123      98     104      92      73      58      40      28      24      13      11       7       6       5       5       2       1       1       1       0       0       0       1       0       0       0       0       0       0       0       0       0       0 ]
[       0       0       0       0       0       0       0       1       0       0       0       1       0       1       3       4       1       5      11      12      13      18      23      28      32      39      49      41      50      63      57      57      61      61      66      47      59      55      43      39      32      37      30      15       9       8       4       6       6       0       0       0       0       0       0       0       0       0       0       0       0       0       0       0       0       0       0       0       0       0       0       0       4       3       5       3       9       7      17      26      32      52      58      46      65      68      72      59      44      44      33      38      18       9      14       6       4       1       1       3       0       0       1       0       0       0       0       0       0       0       0       0       0       0       0       0       0       0 ]
[       0       0       0       0       0       0       0       0       0       0       0       0       0       1       1       1       0       0       0       2       2       1       2      10       5       6       9      10      12      22      17      16      33      27      18      22      26      25      22      16      18      19      44      16      15      22       8      11       4       6       3       3       2       0       1       0       0       0       1       0       0       0       0       0       0       0       0       0       0       0       0       1       1       1       2       1       4       1       3       3       5       9      12      19      25      30      31      14      18      21      17      14      11       3       6       8       2       1       1       3       2       2       1       0       1       0       1       1       0       0       0       0       0       0       0       0       0       0 ]
[       0       0       0       0       0       0       0       0       0       0       1       0       0       0       1       6       7       5       4       5       6      10      11      17      17      26      42      39      35      47      66      87     105     119     113     123     105     100      97      79      87      82      81      53      46      26      17      23      19       9       5       5       3       0       2       1       0       0       0       0       0       0       0       0       0       0       0       0       0       0       0       1       2       3       1       2       6      12       8      22      15      36      47      55      78     106     119     108     142      89      89      53      33      38      30      20      12      18      11       8       4       7       9       8       1       4       0       1       2       1       1       0       0       0       0       0       0       0 ]
[       0       0       0       0       1       0       1       0       2       0       1       2       1       9       6       5       1       2       6       5      11       6      14      11      15       6      22      18      16      31      24      26      45      47      39      45      43      32      29      30      23      18      17      14      16      12       8       3       2       1       1       2       0       0       0       0       0       0       0       0       0       1       0       1       0       2       1       0       0       0       2       4       2       4       3       5      16       4      15      15      16      22      16      22      22      29      34      46      36      33      20      22      22      23      11       3       7       6       5       7       5       4       6       2       1       3       0       0       0       0       0       0       0       0       0       0       0       0 ]
[       0       0       0       0       0       0       0       0       0       0       1       0       2       0       1       2       0       1       2       1       1       0       0       0       0       0       4       1       1       2       1       1       2       2       1       1       1       2       5       6       3       3       1       5       0       1       1       1       3       2       1       1       0       0       0       0       0       0       0       0       0       0       0       0       0       0       0       0       1       0       2       2       0       3       0       2       1       1       3       0       1       3       0       0       1       1       3       4       5       7       1       3       0       0       1       2       1       1       0       0       0       1       0       2       0       0       1       0       0       0       0       1       0       0       0       0       0       0 ]


Length Composition:
Fleet: 2
Area: 1
Season: 1
Gender Type: 3
Years:[ 1997 1998 1999 2000 2001 2002 2003 ]
Number of Samples:[ 14 95 41 204 273 368 189 ]
Length Prop:
[       0       0       0       0       0       0       0       0       0       1       1       1       4       2       6       6       6      14      10       7      18      21      12      18      26      17      22      36      28      44      58      63      58      66      59      79      69      61      57      37      24      26      30      12      14       5       1       0       1       0       0       0       0       0       0       0       0       0       0       0       0       0       0       0       0       0       0       3       2       4       2       5       1       5      13      19      23      17      16      22      31      28      29      44      54      59      49      55      31      34      20       9       7       1       1       1       1       1       0       0       0       0       0       0       0       0       0       0       0       0       0       0       0       0       0       0       0       0 ]
[       0       1       0       0       1       1       2       1       1       3       2       1       7      10      13      12      21      20      36      39      56      52      53      73      76      84      79      95     100     100     131     157     168     179     165     157     170     193     143     151     126     117      93      77      58      46      40      24      17       8       2       1       0       2       3       0       0       1       0       0       0       1       0       0       1       0       3       1       3       4       4       9      12      22      30      36      36      47      58      58      83      97     106     120     152     180     173     167     114     105     101      70      78      57      32      25      13      20      17       8       6      12       3       5       5       3       2       1       0       1       0       0       0       0       0       0       0       0 ]
[       0       0       0       0       0       0       0       0       0       0       0       0       1       0       0       0       0       0       1       0       2       1       3       2       9       5       4       4       4       8      10       9      13      11      12      14      10      15      14       9      17       3       6       4       2       1       1       0       1       1       0       0       0       0       0       0       0       0       0       0       0       0       0       0       0       0       0       0       0       0       0       0       0       1       0       0       2       4       7       7      12      13      11      11      17      20       9      15       6       8      20      15       8       3       1       2       0       1       1       1       1       0       1       0       0       0       0       0       0       0       0       0       0       0       0       0       0       0 ]
[       0       0       0       0       0       0       0       0       0       0       2       4       5       7       5      19      12      26      14       8      25      29      35      28      40      31      38      48      60      69      62      71      87      80      90      84      57      53      63      49      52      32      28      27      19      17      14       6       6       1       0       1       0       0       0       0       0       0       0       0       0       0       0       0       0       0       1       0       1       6       8       8      19      21      25      23      25      38      39      44      38      50      56      71      67      75      86      76      69      57      57      39      34      24      15      19      17       4       2       2       2       1       2       0       0       0       0       0       0       0       0       0       0       0       0       0       0       0 ]
[       0       0       0       0       1       0       1       1       2       3       5      10      12      11      18      33      29      42      57      45      60      35      55      53      48      64      51      51      61      66      66      76      68      86     101     105      89      99      59      73      58      42      33      24      15       7       5       3       2       1       1       0       1       0       0       0       0       0       0       0       0       0       0       0       0       1       0       3       4       7       5      12      21      29      38      55      70      72      65      68      66      75      75      68      66      90      74      81      77      51      34      37      23      10      17       5      10       7       4       5       5       0       1       1       0       0       0       0       0       0       0       0       0       0       0       0       0       0 ]
[       0       0       0       0       0       0       0       1       0       2       2       1       7       8       7       7      22      17      30      34      36      47      55      59      50      46      32      57      49      46      52      70      65      70      76      71      70      63      57      73      68      52      56      33      39      22      24      27      22      11       3       2       0       2       0       0       0       0       0       0       0       0       0       0       1       0       0       1       0       1       4       9      16      10      11      29      44      37      50      65      51      54      74      84      74      70      64      64      71      65      34      38      28      19      18      15       4       9       7       4       6       7       6       5       4       4       2       2       1       0       0       0       0       0       0       0       0       0 ]
[       0       0       0       0       0       0       0       0       0       0       1       2       3       2       2       9      11      12      15      18      21      20      26      25      26      27      33      33      50      47      44      47      48      38      53      42      39      53      45      37      45      31      33      26      22      14      13      10       4       4       4       1       4       0       1       0       0       0       0       0       0       0       0       0       0       1       0       0       1       0       3       2       9       4       9      10      20      21      22      37      41      44      50      54      42      56      65      51      39      33      30      28      16      18      12       6       8       9       4       3       1       5       4       7       4       2       2       2       0       0       2       1       0       0       1       0       0       0 ]


Age Composition:
Fleet: 3
Area: 2
Season: 1
Gender Type: 1
Years:[ 0 ]
Number of Samples:[ 39 36 107 67 ]
Age Prop:
[ 9.19e-06 0.00040313 0.00259944 0.00318892 0.00969981 0.00756982 0.0535454 0.033694 0.0889483 0.0603371 0.105779 0.0891858 0.121555 0.0336864 0.0267971 0.0774671 0.00228942 0.0615434 0.0610833 0.0225146 0.00216743 0.00326037 0.0288878       0 0.013424       0       0       0       0       0 6.55e-05 0.000189855 0.003363 0.00486253 0.0183316 0.00823435 0.0100617 0.00817746 0.0120343 0.00060953 0.00380417 0.0023972 0.00188294 0.00337554 0.00275016       0 0.00421166 0.000521409       0 0.00280872 0.00267239       0       0       0       0       0       0 1.08e-05       0       0 ]
[ 2.07e-06       0 0.00181159 0.00210693 0.0116963 0.0486986 0.0324062 0.0620018 0.0477924 0.0305841 0.0273499 0.160672 0.0456635 0.0684929 0.0505492 0.0575181 0.025588 0.0454055 0.020328 0.0281041 0.0033016 0.00312421 0.0198522 0.00976609 0.0441106       0       0       0       0       0 7.17e-07       0 0.00155977 0.0115299 0.0143982 0.0233401 0.016715 0.00400863 0.0154484 0.00662145 0.00419744 0.0105182 0.00164207 0.00836704 0.00717905       0 0.0112368 0.00988109       0 0.00368714       0       0       0       0 0.00274321       0       0       0       0       0 ]
[ 2.41e-06 7.88e-06 0.00762454 0.0158671 0.0258457 0.0356281 0.083162 0.110621 0.0707848 0.113686 0.0366824 0.0345548 0.0578765 0.0607442 0.0243493 0.0476464 0.0132111 0.00925303 0.000890003 0.0226146 0.0416228 0.00448329 0.00938588 0.016382       0       0       0       0       0       0 9.34e-07       0 0.00646954 0.0164152 0.0232689 0.0172823 0.021332 0.0138595 0.00609847 0.00278508 0.00527849 0.00517762 0.00228592 0.0075668 0.00313333 0.00525112 0.0013889 0.000807494 0.00279495 0.0015286 0.00485997 0.00128221 0.00153514 0.0052136 0.00145853       0       0       0       0       0 ]
[ 3.01e-05 6.71e-05 0.00379793 0.0199071 0.112612 0.0733967 0.0369661 0.0766233 0.0654996 0.048296 0.0355635 0.0207371 0.0136225 0.0304153 0.0212424 0.0365639 0.011615 0.0234687 0.020888 0.00306146 0.00457754 0.0154644 0.00939099 0.0112728 0.0113928 0.010959 0.0031953 0.00431684       0       0 4.79e-07 3.56e-06 0.00288664 0.0251385 0.0574347 0.0668754 0.0254888 0.0273384 0.00491651 0.0110417 0.0102625 0.00815191 0.00207552 0.000161861 0.00168552 0.00191264 0.00616676 0.00309583 0.00134304 0.00554389 0.00236778 0.00276196 0.00188005 0.000658693 0.00535035 0.000161861 0.000351832       0       0       0 ]


Age Composition:
Fleet: 3
Area: 1
Season: 1
Gender Type: 2
Years:[ 0 ]
Number of Samples:[ 61 76 56 71 ]
Age Prop:
[ 4.94e-06       0 0.000805967 0.0137165 0.0192288 0.0750529 0.153918 0.128524 0.0550242 0.0727905 0.0203024 0.0533851 0.0249216 0.0503388 0.000256061 0.000362263 0.0343156 0.00570025 0.00703651 0.0116152 0.0229479 0.000696919 0.000234629 0.01157 7.8e-05 0.00128081 0.00493405       0       0       0 8.68e-06       0 0.000844807 0.0124169 0.0208997 0.0407317 0.0512027 0.0333333 0.013204 0.0131967 0.00681157 0.0105101 0.00995636 0.00115866 0.00317549 0.00855791 8.31e-05       0 0.000772424 0.00249979 0.000253518 0.000268431       0       0       0       0 0.00107224       0       0       0 ]
[ 1.33e-05 0.000240401 0.00301197 0.0327112 0.0394507 0.078183 0.0914713 0.122633 0.172006 0.0488116 0.0895169 0.0357603 7.91e-06 0.0178474 0.0158341 0.0055384 0.00687583 7.5828e-05 0.000737557 0.00271869 0.00555353 0.000329925 0.0117994 0.00342796 0.0115786       0 0.00952199 0.00042731       0       0 1.33e-05 2.93e-05 0.0015803 0.0245348 0.0336944 0.0266428 0.0193518 0.0144846 0.0239805 0.00826455 0.014215 0.00246022 0.00391846 0.00313465 0.00463929       0 0.000833566 0.00129899 0.00130238 0.0032667 0.000920012       0 0.000920012       0 0.00263867       0       0 0.00179083       0       0 ]
[ 9.06e-07 1.08e-06 0.000370812 0.0074781 0.0362534 0.0940865 0.062073 0.0913468 0.0444937 0.0597534 0.100919 0.0656004 0.0389364 0.0447593 0.0383138 0.0100426 0.00612725 0.00801482 0.00617551 0.00785793 0.000648515 0.00323011 0.00692453 0.00318487 0.0085818       0 0.000213092       0       0       0 3.5e-06       0 8.2e-05 0.0125129 0.0250864 0.0796885 0.0577765 0.0216993 0.0187203 0.0104228 0.0101743 0.00491894 0.00307922 0.00126711 0.000886848 0.00145496 0.000668784 0.00290766 0.000376244 8.57e-06 0.000735247       0 0.00172661 3.83e-05 0.000367854       0       0 9.98e-06       0       0 ]
[ 1.43e-06       0 0.000261487 0.00132791 0.00480445 0.0487767 0.0761199 0.132245 0.129059 0.0836397 0.066521 0.0457612 0.110057 0.0545784 0.00447211 0.0167362 0.0145149 0.00784432 0.0114906 0.0134457 0.00738605 0.00974783 4.35e-05 0.000364278 0.00295983 3.61e-05 0.000299526 0.00100759       0       0 1.16e-06       0 0.00034432 0.000690605 0.00224229 0.0373912 0.0170959 0.0194305 0.0206993 0.00979926 0.0132057 0.0105887 0.0119771 0.000381848 0.000133556 0.00551928 0.000922976 0.000730786 0.00506122 0.000282154       0       0       0       0       0       0       0       0       0       0 ]


Mean Size At Age:
Fleet: 3
Area: 2
Season: 1
Gender Type: 3
Years:[ 1996 1999 2001 2003 ]
MSA:
[       0    17.5    20.5 22.2727 25.7778 26.4615 30.7647      32  36.125      37      41   43.25  41.875    42.8 48.1429    46.6    49.2      46    44.1 50.3333      46      48      43       0      37       0       0       0       0       0       0      18    19.6 22.4546 26.2941 27.7143 28.8571   31.75      32      36 35.3333      34      35    34.5 37.2857       0    34.5    38.5       0   36.75    37.5       0       0       0       0       0       0      44       0       0 ]
[       0       0 18.2857 19.9167   23.85 28.9697 30.6471 33.8571      36    36.4      43 40.5714 42.6667 42.4444 47.1111    46.5      42 45.1429    48.5 44.8333      46    51.8      48 45.3333 45.2857       0       0       0       0       0       0       0 16.8333  20.375 22.9565 26.3478 28.3571    31.8      33 35.3333      32    33.5      37   33.25    35.2       0 34.6667   34.25       0      35       0       0       0       0      33       0       0       0       0       0 ]
[       0      14 17.9756 23.3261 28.0217 31.0286   35.15 37.4667 38.0556 41.1818    44.4 44.2857 46.4375 47.2105 49.5385 48.5556 50.0714    51.4      51 50.3333 44.3333 52.3333    46.5   47.75       0       0       0       0       0       0       0      13 17.7097 21.8491 27.3261  29.625 31.7083 32.0769 34.6667    38.6 34.6667    36.4   38.25 36.7143 36.6667   38.75    39.5 39.3333 36.3333      35  39.125    39.5      38      37    37.5       0       0       0       0       0 ]
[       0      17 19.3846   21.25 27.9467 29.8781      35 38.0455 41.0476 41.3125 43.7778 45.2857      43 44.4444 46.1111 47.7647    47.6 46.5556 45.4286 50.6667    49.5  48.125 49.6667  48.875      46      47      45      44       0       0       0    13.5 18.1333      22 25.5227 28.7073 32.3077 32.7333   37.25 37.2222 36.5714    35.6      34      41      38    41.5 37.3333 37.3333    41.5    37.4      36      38      35      38 36.6667      41      39       0       0       0 ]


Mean Size At Age:
Fleet: 3
Area: 1
Season: 1
Gender Type: 3
Years:[ 2005 2007 2009 2011 ]
MSA:
[       0       0 18.1667 21.0556  25.875 29.6774 33.2432 35.0741    37.9    40.5    42.4  42.875      45   43.75      53 53.6667    42.4      51 50.8571  48.375    48.5    52.5    53.5    44.5      53      48      49       0       0       0       0       0    16.4 21.0333 24.7778 27.9091 30.8889 30.5833   32.25    35.6      37 34.3333    36.6    41.5    37.5    37.8      42       0      38      37      40      40       0       0       0       0      40       0       0       0 ]
[       0 16.3333 17.9167 22.5952 26.4839 31.3667 34.5882 37.2222   42.08      43 45.4118 47.6667    57.5 50.8889    50.7   49.25      52   54.75   51.25      52    50.6      51 46.3333    48.5    44.5       0      43 52.3333       0       0       0      16   17.25 21.6216 25.2414 28.8235 30.3636    32.5 34.8125  36.625    33.5      32    39.2      38      35       0 39.3333 40.6667      44      36      37       0      37       0      34       0       0      37       0       0 ]
[       0       8 16.6667      20 25.1316 30.1569 32.2857 37.7143      39      40 42.2174 45.3333    46.2 45.8333 46.1111    46.8    49.8   49.75    48.4 48.3333    50.5      50      46      52    44.5       0      52       0       0       0       0      10      16      20 23.7333 27.9722 30.7619   34.25 33.5556 36.9091 38.7333 38.6667      35      39      41    38.5 40.3333      45   41.25      43      38       0      40 45.3333    44.5       0       0      46       0       0 ]
[       0      14 16.8889 21.3125    25.3 28.3667 31.7826 35.2727    37.8 41.0909 41.2222 44.8889   45.45 47.3529    50.6   46.75  50.375 47.6667   50.25    46.8 48.6667 47.8333      54      51 48.6667      53      50      48       0       0       0       0 16.8889    20.3 23.1429 28.0968 29.1538      33      34      35 34.7143 36.5714 37.1111    39.5      40 36.3333 42.3333    41.2 37.3333      43       0       0       0       0       0       0       0       0       0       0 ]


Age Error:
Gender Type: 1
Age:[ 0.5 1.5 2.5 3.5 4.5 5.5 6.5 7.5 8.5 9.5 10.5 11.5 12.5 13.5 14.5 
15.5 16.5 17.5 18.5 19.5 20.5 21.5 22.5 23.5 24.5 25.5 26.5 27.5 28.5 29.5 
30.5 ]
Error:
[ 0.001 0.001 0.001 0.066 0.132 0.198 0.264 0.33 0.396 0.462 0.528 0.594 0.66 0.726 0.792 
0.858 0.924 0.99 1.056 1.122 1.188 1.254 1.32 1.386 1.452 1.518 1.584 1.65 1.716 1.782 
1.848 ]

Age Error:
Gender Type: 2
Age:[ 0.5 1.5 2.5 3.5 4.5 5.5 6.5 7.5 8.5 9.5 10.5 11.5 12.5 13.5 14.5 
15.5 16.5 17.5 18.5 19.5 20.5 21.5 22.5 23.5 24.5 25.5 26.5 27.5 28.5 29.5 
30.5 ]
Error:
[ 0.001 0.001 0.001 0.066 0.132 0.198 0.264 0.33 0.396 0.462 0.528 0.594 0.66 0.726 0.792 
0.858 0.924 0.99 1.056 1.122 1.188 1.254 1.32 1.386 1.452 1.518 1.584 1.65 1.716 1.782 
1.848 ]

End Population Data

